{
 "cells": [
  {
   "cell_type": "code",
   "execution_count": 1,
   "metadata": {},
   "outputs": [
    {
     "name": "stderr",
     "output_type": "stream",
     "text": [
      "/Users/hansheng/Desktop/unilm/dit/venv/lib/python3.7/site-packages/tqdm/auto.py:22: TqdmWarning: IProgress not found. Please update jupyter and ipywidgets. See https://ipywidgets.readthedocs.io/en/stable/user_install.html\n",
      "  from .autonotebook import tqdm as notebook_tqdm\n"
     ]
    }
   ],
   "source": [
    "import cv2\n",
    "\n",
    "from ditod import add_vit_config\n",
    "\n",
    "import torch\n",
    "\n",
    "from detectron2.config import get_cfg\n",
    "from detectron2.utils.visualizer import ColorMode, Visualizer\n",
    "from detectron2.data import MetadataCatalog\n",
    "from detectron2.engine import DefaultPredictor"
   ]
  },
  {
   "cell_type": "code",
   "execution_count": 2,
   "metadata": {},
   "outputs": [],
   "source": [
    "config = \"publaynet_configs/maskrcnn/maskrcnn_dit_base.yaml\"\n",
    "opts = ['MODEL.WEIGHTS', 'https://layoutlm.blob.core.windows.net/dit/dit-fts/publaynet_dit-b_mrcnn.pth']\n",
    "image = \"img.png\""
   ]
  },
  {
   "cell_type": "code",
   "execution_count": 3,
   "metadata": {
    "pycharm": {
     "name": "#%%\n"
    }
   },
   "outputs": [],
   "source": [
    "def predict(image):\n",
    "    # Step 1: instantiate config\n",
    "    cfg = get_cfg()\n",
    "    add_vit_config(cfg)\n",
    "    cfg.merge_from_file(config)\n",
    "\n",
    "    # Step 2: add model weights URL to config\n",
    "    cfg.merge_from_list(opts)\n",
    "\n",
    "    # Step 3: set device\n",
    "    device = \"cpu\"\n",
    "    cfg.MODEL.DEVICE = device\n",
    "\n",
    "    # Step 4: define model\n",
    "    predictor = DefaultPredictor(cfg)\n",
    "    # Step 5: run inference\n",
    "    img = cv2.imread(image)\n",
    "\n",
    "    md = MetadataCatalog.get(cfg.DATASETS.TEST[0])\n",
    "    if cfg.DATASETS.TEST[0]=='icdar2019_test':\n",
    "        md.set(thing_classes=[\"table\"])\n",
    "    else:\n",
    "        md.set(thing_classes=[\"text\",\"title\",\"list\",\"table\",\"figure\"])\n",
    "        \n",
    "    output = predictor(img)[\"instances\"]\n",
    "        \n",
    "    v = Visualizer(img[:, :, ::-1],\n",
    "                md,\n",
    "                scale=1.0,\n",
    "                instance_mode=ColorMode.SEGMENTATION)\n",
    "    result = v.draw_instance_predictions(output.to(\"cpu\"))\n",
    "    result_image = result.get_image()[:, :, ::-1]\n",
    "    \n",
    "    return img, result_image, output.to(\"cpu\")"
   ]
  },
  {
   "cell_type": "code",
   "execution_count": 5,
   "metadata": {},
   "outputs": [
    {
     "name": "stderr",
     "output_type": "stream",
     "text": [
      "/Users/hansheng/Desktop/unilm/dit/venv/lib/python3.7/site-packages/torch/nn/functional.py:3613: UserWarning: Default upsampling behavior when mode=bicubic is changed to align_corners=False since 0.4.0. Please specify align_corners=True if the old behavior is desired. See the documentation of nn.Upsample for details.\n",
      "  \"See the documentation of nn.Upsample for details.\".format(mode)\n",
      "/Users/hansheng/Desktop/unilm/dit/venv/lib/python3.7/site-packages/torch/utils/checkpoint.py:25: UserWarning: None of the inputs have requires_grad=True. Gradients will be None\n",
      "  warnings.warn(\"None of the inputs have requires_grad=True. Gradients will be None\")\n",
      "/Users/hansheng/Desktop/unilm/dit/venv/lib/python3.7/site-packages/torch/nn/functional.py:718: UserWarning: Named tensors and all their associated APIs are an experimental feature and subject to change. Please do not use them for anything important until they are released as stable. (Triggered internally at  ../c10/core/TensorImpl.h:1156.)\n",
      "  return torch.max_pool2d(input, kernel_size, stride, padding, dilation, ceil_mode)\n"
     ]
    }
   ],
   "source": [
    "img, result_img, output = predict(\"img.png\")"
   ]
  },
  {
   "cell_type": "code",
   "execution_count": 6,
   "metadata": {},
   "outputs": [
    {
     "data": {
      "text/plain": "True"
     },
     "execution_count": 6,
     "metadata": {},
     "output_type": "execute_result"
    }
   ],
   "source": [
    "cv2.imwrite(\"out.jpg\", result_img)"
   ]
  },
  {
   "cell_type": "code",
   "execution_count": 7,
   "metadata": {},
   "outputs": [
    {
     "name": "stdout",
     "output_type": "stream",
     "text": [
      "Instances(num_instances=19, image_height=1638, image_width=2186, fields=[pred_boxes: Boxes(tensor([[ 317.9785,  388.1022,  774.4274, 1315.1630],\n",
      "        [ 317.3665,  399.4422,  711.4623,  620.7697],\n",
      "        [ 321.0168,  346.7388,  768.9996, 1359.7750],\n",
      "        [ 325.9033,  400.3381,  728.4852,  614.8550],\n",
      "        [ 323.7854,  761.2457,  777.2447,  928.8315],\n",
      "        [ 323.5898,  760.9687,  777.3021,  930.0524],\n",
      "        [ 324.2019,  486.9088,  630.0565,  548.1574],\n",
      "        [ 312.9458,  394.8235,  771.6876, 1315.3929],\n",
      "        [ 323.9550,  761.5464,  777.0757,  931.2034],\n",
      "        [ 318.8689, 1088.4080,  765.8888, 1291.1981],\n",
      "        [ 323.9459,  763.7854,  776.8008,  932.8073],\n",
      "        [ 313.3763,  397.3802,  770.4563, 1324.1418],\n",
      "        [ 325.0838, 1178.7592,  770.7908, 1318.9058],\n",
      "        [ 316.9553,  480.3191,  633.3759,  628.1420],\n",
      "        [ 322.5407,  762.5354,  777.0079,  934.0746],\n",
      "        [ 316.3450,  394.0755,  768.6317, 1314.1211],\n",
      "        [ 333.1350,  872.7140,  650.6919,  927.1498],\n",
      "        [ 320.5102,  563.7816,  613.2209,  619.7298],\n",
      "        [ 317.6023,  480.2979,  633.4324,  628.1290]])), scores: tensor([0.5098, 0.3317, 0.3051, 0.2832, 0.1819, 0.1547, 0.1456, 0.1408, 0.1280,\n",
      "        0.1090, 0.0984, 0.0981, 0.0960, 0.0869, 0.0786, 0.0770, 0.0751, 0.0724,\n",
      "        0.0567]), pred_classes: tensor([4, 0, 3, 1, 0, 3, 0, 0, 1, 0, 2, 2, 0, 0, 4, 1, 0, 0, 1]), pred_masks: tensor([[[False, False, False,  ..., False, False, False],\n",
      "         [False, False, False,  ..., False, False, False],\n",
      "         [False, False, False,  ..., False, False, False],\n",
      "         ...,\n",
      "         [False, False, False,  ..., False, False, False],\n",
      "         [False, False, False,  ..., False, False, False],\n",
      "         [False, False, False,  ..., False, False, False]],\n",
      "\n",
      "        [[False, False, False,  ..., False, False, False],\n",
      "         [False, False, False,  ..., False, False, False],\n",
      "         [False, False, False,  ..., False, False, False],\n",
      "         ...,\n",
      "         [False, False, False,  ..., False, False, False],\n",
      "         [False, False, False,  ..., False, False, False],\n",
      "         [False, False, False,  ..., False, False, False]],\n",
      "\n",
      "        [[False, False, False,  ..., False, False, False],\n",
      "         [False, False, False,  ..., False, False, False],\n",
      "         [False, False, False,  ..., False, False, False],\n",
      "         ...,\n",
      "         [False, False, False,  ..., False, False, False],\n",
      "         [False, False, False,  ..., False, False, False],\n",
      "         [False, False, False,  ..., False, False, False]],\n",
      "\n",
      "        ...,\n",
      "\n",
      "        [[False, False, False,  ..., False, False, False],\n",
      "         [False, False, False,  ..., False, False, False],\n",
      "         [False, False, False,  ..., False, False, False],\n",
      "         ...,\n",
      "         [False, False, False,  ..., False, False, False],\n",
      "         [False, False, False,  ..., False, False, False],\n",
      "         [False, False, False,  ..., False, False, False]],\n",
      "\n",
      "        [[False, False, False,  ..., False, False, False],\n",
      "         [False, False, False,  ..., False, False, False],\n",
      "         [False, False, False,  ..., False, False, False],\n",
      "         ...,\n",
      "         [False, False, False,  ..., False, False, False],\n",
      "         [False, False, False,  ..., False, False, False],\n",
      "         [False, False, False,  ..., False, False, False]],\n",
      "\n",
      "        [[False, False, False,  ..., False, False, False],\n",
      "         [False, False, False,  ..., False, False, False],\n",
      "         [False, False, False,  ..., False, False, False],\n",
      "         ...,\n",
      "         [False, False, False,  ..., False, False, False],\n",
      "         [False, False, False,  ..., False, False, False],\n",
      "         [False, False, False,  ..., False, False, False]]])])\n"
     ]
    }
   ],
   "source": [
    "print(output)"
   ]
  },
  {
   "cell_type": "code",
   "execution_count": 8,
   "metadata": {},
   "outputs": [],
   "source": [
    "def sort_index(instance):\n",
    "    bbox = instance.pred_boxes.tensor\n",
    "    sorting = sorted(range(bbox.size()[0]), key=lambda k: bbox[k][1].numpy())\n",
    "    return sorting\n"
   ]
  },
  {
   "cell_type": "code",
   "execution_count": 9,
   "metadata": {},
   "outputs": [],
   "source": [
    "def sort_tensor(tensor, sort_mask):\n",
    "    return tensor[sort_mask]"
   ]
  },
  {
   "cell_type": "code",
   "execution_count": 10,
   "metadata": {},
   "outputs": [],
   "source": [
    "def sort(instance):\n",
    "    sort_mask = sort_index(instance)\n",
    "    # sort pred_boxes\n",
    "    instance.pred_boxes.tensor = sort_tensor(instance.pred_boxes.tensor, sort_mask)\n",
    "    # sort score\n",
    "    instance.scores = sort_tensor(instance.scores, sort_mask)\n",
    "    # sort pred_classes\n",
    "    instance.pred_classes = sort_tensor(instance.pred_classes, sort_mask)\n",
    "    # sort pred_masks\n",
    "    instance.pred_masks = sort_tensor(instance.pred_masks, sort_mask)\n",
    "    return instance"
   ]
  },
  {
   "cell_type": "code",
   "execution_count": 11,
   "metadata": {},
   "outputs": [
    {
     "name": "stdout",
     "output_type": "stream",
     "text": [
      "Instances(num_instances=19, image_height=1638, image_width=2186, fields=[pred_boxes: Boxes(tensor([[ 321.0168,  346.7388,  768.9996, 1359.7750],\n",
      "        [ 317.9785,  388.1022,  774.4274, 1315.1630],\n",
      "        [ 316.3450,  394.0755,  768.6317, 1314.1211],\n",
      "        [ 312.9458,  394.8235,  771.6876, 1315.3929],\n",
      "        [ 313.3763,  397.3802,  770.4563, 1324.1418],\n",
      "        [ 317.3665,  399.4422,  711.4623,  620.7697],\n",
      "        [ 325.9033,  400.3381,  728.4852,  614.8550],\n",
      "        [ 317.6023,  480.2979,  633.4324,  628.1290],\n",
      "        [ 316.9553,  480.3191,  633.3759,  628.1420],\n",
      "        [ 324.2019,  486.9088,  630.0565,  548.1574],\n",
      "        [ 320.5102,  563.7816,  613.2209,  619.7298],\n",
      "        [ 323.5898,  760.9687,  777.3021,  930.0524],\n",
      "        [ 323.7854,  761.2457,  777.2447,  928.8315],\n",
      "        [ 323.9550,  761.5464,  777.0757,  931.2034],\n",
      "        [ 322.5407,  762.5354,  777.0079,  934.0746],\n",
      "        [ 323.9459,  763.7854,  776.8008,  932.8073],\n",
      "        [ 333.1350,  872.7140,  650.6919,  927.1498],\n",
      "        [ 318.8689, 1088.4080,  765.8888, 1291.1981],\n",
      "        [ 325.0838, 1178.7592,  770.7908, 1318.9058]])), scores: tensor([0.3051, 0.5098, 0.0770, 0.1408, 0.0981, 0.3317, 0.2832, 0.0567, 0.0869,\n",
      "        0.1456, 0.0724, 0.1547, 0.1819, 0.1280, 0.0786, 0.0984, 0.0751, 0.1090,\n",
      "        0.0960]), pred_classes: tensor([3, 4, 1, 0, 2, 0, 1, 1, 0, 0, 0, 3, 0, 1, 4, 2, 0, 0, 0]), pred_masks: tensor([[[False, False, False,  ..., False, False, False],\n",
      "         [False, False, False,  ..., False, False, False],\n",
      "         [False, False, False,  ..., False, False, False],\n",
      "         ...,\n",
      "         [False, False, False,  ..., False, False, False],\n",
      "         [False, False, False,  ..., False, False, False],\n",
      "         [False, False, False,  ..., False, False, False]],\n",
      "\n",
      "        [[False, False, False,  ..., False, False, False],\n",
      "         [False, False, False,  ..., False, False, False],\n",
      "         [False, False, False,  ..., False, False, False],\n",
      "         ...,\n",
      "         [False, False, False,  ..., False, False, False],\n",
      "         [False, False, False,  ..., False, False, False],\n",
      "         [False, False, False,  ..., False, False, False]],\n",
      "\n",
      "        [[False, False, False,  ..., False, False, False],\n",
      "         [False, False, False,  ..., False, False, False],\n",
      "         [False, False, False,  ..., False, False, False],\n",
      "         ...,\n",
      "         [False, False, False,  ..., False, False, False],\n",
      "         [False, False, False,  ..., False, False, False],\n",
      "         [False, False, False,  ..., False, False, False]],\n",
      "\n",
      "        ...,\n",
      "\n",
      "        [[False, False, False,  ..., False, False, False],\n",
      "         [False, False, False,  ..., False, False, False],\n",
      "         [False, False, False,  ..., False, False, False],\n",
      "         ...,\n",
      "         [False, False, False,  ..., False, False, False],\n",
      "         [False, False, False,  ..., False, False, False],\n",
      "         [False, False, False,  ..., False, False, False]],\n",
      "\n",
      "        [[False, False, False,  ..., False, False, False],\n",
      "         [False, False, False,  ..., False, False, False],\n",
      "         [False, False, False,  ..., False, False, False],\n",
      "         ...,\n",
      "         [False, False, False,  ..., False, False, False],\n",
      "         [False, False, False,  ..., False, False, False],\n",
      "         [False, False, False,  ..., False, False, False]],\n",
      "\n",
      "        [[False, False, False,  ..., False, False, False],\n",
      "         [False, False, False,  ..., False, False, False],\n",
      "         [False, False, False,  ..., False, False, False],\n",
      "         ...,\n",
      "         [False, False, False,  ..., False, False, False],\n",
      "         [False, False, False,  ..., False, False, False],\n",
      "         [False, False, False,  ..., False, False, False]]])])\n"
     ]
    }
   ],
   "source": [
    "print(sort(output))"
   ]
  },
  {
   "cell_type": "code",
   "execution_count": null,
   "outputs": [],
   "source": [],
   "metadata": {
    "collapsed": false,
    "pycharm": {
     "name": "#%%\n"
    }
   }
  }
 ],
 "metadata": {
  "kernelspec": {
   "display_name": "Python 3 (ipykernel)",
   "language": "python",
   "name": "python3"
  },
  "language_info": {
   "codemirror_mode": {
    "name": "ipython",
    "version": 3
   },
   "file_extension": ".py",
   "mimetype": "text/x-python",
   "name": "python",
   "nbconvert_exporter": "python",
   "pygments_lexer": "ipython3",
   "version": "3.7.11"
  }
 },
 "nbformat": 4,
 "nbformat_minor": 1
}